0 1 10 10 10 11 14 
1 2 10 11 10 0 10 12 14 10 14 
2 12 10 1 10 11 14 
3 
4 
5 
6 
7 8 10 17 10 18 14 
8 18 10 7 10 17 14 
9 
10 0 10 11 10 20 10 1 14 21 14 
11 1 10 12 10 21 10 10 10 2 14 0 14 22 14 20 14 
12 2 10 22 10 11 10 1 14 21 14 
13 
14 15 10 24 10 25 14 
15 16 10 25 10 14 10 26 14 24 14 
16 17 10 26 10 15 10 27 14 25 14 
17 7 10 18 10 27 10 16 10 8 14 28 14 26 14 
18 8 10 28 10 17 10 7 14 27 14 
19 
20 10 10 21 10 30 10 11 14 31 14 
21 11 10 22 10 31 10 20 10 12 14 10 14 32 14 30 14 
22 12 10 23 10 32 10 21 10 11 14 33 14 31 14 
23 24 10 33 10 22 10 34 14 32 14 
24 14 10 25 10 34 10 23 10 15 14 35 14 33 14 
25 15 10 26 10 35 10 24 10 16 14 14 14 36 14 34 14 
26 16 10 27 10 36 10 25 10 17 14 15 14 37 14 35 14 
27 17 10 28 10 37 10 26 10 18 14 16 14 38 14 36 14 
28 18 10 38 10 27 10 17 14 37 14 
29 
30 20 10 31 10 21 14 
31 21 10 32 10 30 10 22 14 20 14 
32 22 10 33 10 31 10 23 14 21 14 
33 23 10 34 10 43 10 32 10 24 14 22 14 44 14 
34 24 10 35 10 44 10 33 10 25 14 23 14 43 14 
35 25 10 36 10 34 10 26 14 24 14 
36 26 10 37 10 46 10 35 10 27 14 25 14 47 14 
37 27 10 38 10 47 10 36 10 28 14 26 14 46 14 
38 28 10 39 10 37 10 27 14 
39 38 10 
40 
41 
42 
43 33 10 44 10 53 10 34 14 54 14 
44 34 10 54 10 43 10 33 14 53 14 
45 
46 36 10 47 10 56 10 37 14 57 14 
47 37 10 57 10 46 10 36 14 56 14 
48 
49 
50 51 10 60 10 61 14 
51 52 10 61 10 50 10 62 14 60 14 
52 53 10 62 10 51 10 63 14 61 14 
53 43 10 54 10 63 10 52 10 44 14 64 14 62 14 
54 44 10 64 10 53 10 43 14 63 14 
55 
56 46 10 57 10 66 10 47 14 67 14 
57 47 10 58 10 67 10 56 10 46 14 68 14 66 14 
58 59 10 68 10 57 10 69 14 67 14 
59 69 10 58 10 68 14 
60 50 10 61 10 70 10 51 14 71 14 
61 51 10 62 10 71 10 60 10 52 14 50 14 72 14 70 14 
62 52 10 63 10 72 10 61 10 53 14 51 14 73 14 71 14 
63 53 10 64 10 73 10 62 10 54 14 52 14 74 14 72 14 
64 54 10 74 10 63 10 53 14 73 14 
65 
66 56 10 67 10 76 10 57 14 77 14 
67 57 10 68 10 77 10 66 10 58 14 56 14 78 14 76 14 
68 58 10 69 10 78 10 67 10 59 14 57 14 79 14 77 14 
69 59 10 79 10 68 10 58 14 78 14 
70 60 10 71 10 61 14 
71 61 10 72 10 70 10 62 14 60 14 
72 62 10 73 10 71 10 63 14 61 14 
73 63 10 74 10 72 10 64 14 62 14 
74 64 10 73 10 63 14 
75 
76 66 10 77 10 67 14 
77 67 10 78 10 76 10 68 14 66 14 
78 68 10 79 10 77 10 69 14 67 14 
79 69 10 78 10 68 14