505
506
507
508
509
510
511
512
513
514
585
586
587
588
589
590
591
592
593
594
605
606
607
608
609
610
611
612
613
614
685
686
687
688
689
690
691
692
693
694
705
706
707
708
709
710
711
712
713
714
785
786
787
788
789
790
791
792
793
794
805
806
807
808
809
810
811
812
813
814
885
886
887
888
889
890
891
892
893
894
905
906
907
908
909
910
911
912
913
914
985
986
987
988
989
990
991
992
993
994
1005
1006
1007
1008
1009
1010
1011
1012
1013
1014
1085
1086
1087
1088
1089
1090
1091
1092
1093
1094
1105
1106
1107
1108
1109
1110
1111
1112
1113
1114
1185
1186
1187
1188
1189
1190
1191
1192
1193
1194
1205
1206
1207
1208
1209
1210
1211
1212
1213
1214
1285
1286
1287
1288
1289
1290
1291
1292
1293
1294
1305
1306
1307
1308
1309
1310
1311
1312
1313
1314
1385
1386
1387
1388
1389
1390
1391
1392
1393
1394
1405
1406
1407
1408
1409
1410
1411
1412
1413
1414
1485
1486
1487
1488
1489
1490
1491
1492
1493
1494
6505
6506
6507
6508
6509
6510
6511
6512
6513
6514
6585
6586
6587
6588
6589
6590
6591
6592
6593
6594
6605
6606
6607
6608
6609
6610
6611
6612
6613
6614
6685
6686
6687
6688
6689
6690
6691
6692
6693
6694
6705
6706
6707
6708
6709
6710
6711
6712
6713
6714
6785
6786
6787
6788
6789
6790
6791
6792
6793
6794
6805
6806
6807
6808
6809
6810
6811
6812
6813
6814
6885
6886
6887
6888
6889
6890
6891
6892
6893
6894
6905
6906
6907
6908
6909
6910
6911
6912
6913
6914
6985
6986
6987
6988
6989
6990
6991
6992
6993
6994
7005
7006
7007
7008
7009
7010
7011
7012
7013
7014
7085
7086
7087
7088
7089
7090
7091
7092
7093
7094
7105
7106
7107
7108
7109
7110
7111
7112
7113
7114
7185
7186
7187
7188
7189
7190
7191
7192
7193
7194
7205
7206
7207
7208
7209
7210
7211
7212
7213
7214
7285
7286
7287
7288
7289
7290
7291
7292
7293
7294
7305
7306
7307
7308
7309
7310
7311
7312
7313
7314
7385
7386
7387
7388
7389
7390
7391
7392
7393
7394
7405
7406
7407
7408
7409
7410
7411
7412
7413
7414
7485
7486
7487
7488
7489
7490
7491
7492
7493
7494
2020
2021
2022
2023
2024
2025
2026
2027
2028
2029
2030
2031
2032
2033
2034
2035
2036
2037
2038
2039
2040
2041
2042
2043
2044
2055
2056
2057
2058
2059
2060
2061
2062
2063
2064
2065
2066
2067
2068
2069
2070
2071
2072
2073
2074
2075
2076
2077
2078
2079
2120
2121
2122
2123
2124
2125
2126
2127
2128
2129
2130
2131
2132
2133
2134
2135
2136
2137
2138
2139
2140
2141
2142
2143
2144
2155
2156
2157
2158
2159
2160
2161
2162
2163
2164
2165
2166
2167
2168
2169
2170
2171
2172
2173
2174
2175
2176
2177
2178
2179
2220
2221
2222
2223
2224
2225
2226
2227
2228
2229
2230
2231
2232
2233
2234
2235
2236
2237
2238
2239
2240
2241
2242
2243
2244
2255
2256
2257
2258
2259
2260
2261
2262
2263
2264
2265
2266
2267
2268
2269
2270
2271
2272
2273
2274
2275
2276
2277
2278
2279
2320
2321
2322
2323
2324
2325
2326
2327
2328
2329
2330
2331
2332
2333
2334
2335
2336
2337
2338
2339
2340
2341
2342
2343
2344
2355
2356
2357
2358
2359
2360
2361
2362
2363
2364
2365
2366
2367
2368
2369
2370
2371
2372
2373
2374
2375
2376
2377
2378
2379
2420
2421
2422
2423
2424
2425
2426
2427
2428
2429
2430
2431
2432
2433
2434
2435
2436
2437
2438
2439
2440
2441
2442
2443
2444
2455
2456
2457
2458
2459
2460
2461
2462
2463
2464
2465
2466
2467
2468
2469
2470
2471
2472
2473
2474
2475
2476
2477
2478
2479
2520
2521
2522
2523
2524
2575
2576
2577
2578
2579
2620
2621
2622
2623
2624
2675
2676
2677
2678
2679
2720
2721
2722
2723
2724
2775
2776
2777
2778
2779
2820
2821
2822
2823
2824
2875
2876
2877
2878
2879
2920
2921
2922
2923
2924
2975
2976
2977
2978
2979
3020
3021
3022
3023
3024
3075
3076
3077
3078
3079
3120
3121
3122
3123
3124
3175
3176
3177
3178
3179
3220
3221
3222
3223
3224
3275
3276
3277
3278
3279
3320
3321
3322
3323
3324
3375
3376
3377
3378
3379
3420
3421
3422
3423
3424
3475
3476
3477
3478
3479
4520
4521
4522
4523
4524
4575
4576
4577
4578
4579
4620
4621
4622
4623
4624
4675
4676
4677
4678
4679
4720
4721
4722
4723
4724
4775
4776
4777
4778
4779
4820
4821
4822
4823
4824
4875
4876
4877
4878
4879
4920
4921
4922
4923
4924
4975
4976
4977
4978
4979
5020
5021
5022
5023
5024
5075
5076
5077
5078
5079
5120
5121
5122
5123
5124
5175
5176
5177
5178
5179
5220
5221
5222
5223
5224
5275
5276
5277
5278
5279
5320
5321
5322
5323
5324
5375
5376
5377
5378
5379
5420
5421
5422
5423
5424
5475
5476
5477
5478
5479
5520
5521
5522
5523
5524
5525
5526
5527
5528
5529
5530
5531
5532
5533
5534
5535
5536
5537
5538
5539
5540
5541
5542
5543
5544
5555
5556
5557
5558
5559
5560
5561
5562
5563
5564
5565
5566
5567
5568
5569
5570
5571
5572
5573
5574
5575
5576
5577
5578
5579
5620
5621
5622
5623
5624
5625
5626
5627
5628
5629
5630
5631
5632
5633
5634
5635
5636
5637
5638
5639
5640
5641
5642
5643
5644
5655
5656
5657
5658
5659
5660
5661
5662
5663
5664
5665
5666
5667
5668
5669
5670
5671
5672
5673
5674
5675
5676
5677
5678
5679
5720
5721
5722
5723
5724
5725
5726
5727
5728
5729
5730
5731
5732
5733
5734
5735
5736
5737
5738
5739
5740
5741
5742
5743
5744
5755
5756
5757
5758
5759
5760
5761
5762
5763
5764
5765
5766
5767
5768
5769
5770
5771
5772
5773
5774
5775
5776
5777
5778
5779
5820
5821
5822
5823
5824
5825
5826
5827
5828
5829
5830
5831
5832
5833
5834
5835
5836
5837
5838
5839
5840
5841
5842
5843
5844
5855
5856
5857
5858
5859
5860
5861
5862
5863
5864
5865
5866
5867
5868
5869
5870
5871
5872
5873
5874
5875
5876
5877
5878
5879
5920
5921
5922
5923
5924
5925
5926
5927
5928
5929
5930
5931
5932
5933
5934
5935
5936
5937
5938
5939
5940
5941
5942
5943
5944
5955
5956
5957
5958
5959
5960
5961
5962
5963
5964
5965
5966
5967
5968
5969
5970
5971
5972
5973
5974
5975
5976
5977
5978
5979
3545
3546
3547
3548
3549
3550
3551
3552
3553
3554
3645
3646
3647
3648
3649
3650
3651
3652
3653
3654
3745
3746
3747
3748
3749
3750
3751
3752
3753
3754
3845
3846
3847
3848
3849
3850
3851
3852
3853
3854
3945
3946
3947
3948
3949
3950
3951
3952
3953
3954
4045
4046
4047
4048
4049
4050
4051
4052
4053
4054
4145
4146
4147
4148
4149
4150
4151
4152
4153
4154
4245
4246
4247
4248
4249
4250
4251
4252
4253
4254
4345
4346
4347
4348
4349
4350
4351
4352
4353
4354
4445
4446
4447
4448
4449
4450
4451
4452
4453
4454