80
0 1 10 10 10 11 14
1 2 10 11 10 12 14
2 12 10
3
4
5
6
7
8
9
10 11 10 20 10 21 14
11 12 10 21 10 22 14
12 22 10
13
14
15
16 6 10
17
18
19
20 21 10 30 10 31 14
21 22 10 31 10 32 14
22 23 10 32 10
23 24 10
24 25 10
25 26 10
26 16 10 27 10
27 37 10
28
29
30 31 10 40 10 41 14
31 32 10 41 10 42 14
32 42 10
33
34
35
36
37 47 10
38
39
40 41 10 50 10 51 14
41 42 10 51 10 52 14
42 52 10
43
44
45
46
47 48 10
48 49 10
49
50 51 10
51 52 10
52 62 10
53
54
55
56
57 47 10
58
59
60
61
62 63 10 72 10
63 64 10
64 65 10
65 66 10 75 10 76 14
66 67 10 76 10 77 14
67 57 10 77 10
68
69
70
71
72
73
74
75 76 10
76 77 10
77
78
79